minValues: -0.143946 0.275992 0.912367 -0.939248 -0.453634 -0.653808 -0.576839 
maxValues: 0.0940041 0.532463 1.29168 -0.736641 0.0681229 0.144224 0.0897802 
