minDiff: -0.005417199999999997 -0.0043680000000000385 -0.005689999999999973 -0.008996000000000004 -0.015046000000000004 -0.020035999999999998 -0.0088345 
maxDiff: 0.0132467 0.00965499999999997 0.002778000000000058 0.00676499999999991 0.020019999999999982 0.01589099999999999 0.018669999999999992 
